134012. 40 23 44 30 12 39 46 2 42 18 47 27 16 35 14 7 15 25 26 36 19 20 29 6 37 5 1 32 28 9 17 21 11 33 8 43 31 45 10 13 22 4 41 38 34 3 24 0
122350. 40 23 44 30 12 39 46 2 42 18 47 27 16 35 14 7 15 17 26 36 19 20 29 6 37 5 1 32 28 9 25 21 11 33 8 43 31 45 10 13 22 4 41 38 34 3 24 0
121267. 40 23 44 30 12 39 46 2 42 18 47 19 16 35 14 7 15 17 26 36 27 20 29 6 37 5 1 32 22 9 25 21 11 33 8 43 31 45 10 13 28 4 41 38 34 3 24 0
119974. 31 23 44 30 12 39 46 2 42 18 47 19 16 35 14 7 15 17 26 36 27 20 29 6 37 5 1 32 22 9 25 21 11 33 8 43 40 45 10 13 28 4 41 38 34 3 24 0
116265. 31 23 44 30 12 39 46 2 42 18 47 19 16 35 14 7 15 17 26 36 27 20 1 6 37 5 29 32 22 9 25 21 11 33 8 43 40 45 10 13 28 4 41 38 34 3 24 0
114249. 31 23 44 43 12 39 46 2 42 18 47 19 16 35 14 7 15 17 26 36 27 20 1 6 37 5 29 32 22 9 25 21 11 33 8 30 40 45 10 13 24 4 41 38 34 3 28 0
111895. 31 23 44 43 12 39 46 2 42 18 47 19 16 35 14 7 15 17 26 36 27 20 1 6 37 5 29 32 22 9 25 21 0 33 8 30 40 45 10 13 24 4 41 38 34 3 28 11
109349. 31 23 44 22 12 39 46 2 42 18 47 19 16 35 14 7 15 17 26 36 27 20 1 6 37 5 29 32 43 9 25 21 0 33 8 30 40 45 10 13 24 4 41 38 34 3 28 11
106856. 31 23 44 22 12 39 46 2 42 18 24 19 16 35 14 7 15 17 26 36 27 20 1 6 37 5 29 32 43 9 25 21 0 33 8 30 40 45 10 13 47 4 41 38 34 3 28 11
103501. 31 23 44 22 12 39 46 11 42 18 24 19 16 35 14 7 15 17 26 36 27 20 1 6 37 5 29 32 43 9 25 21 0 33 8 30 40 45 10 13 47 4 41 38 34 3 28 2
101798. 31 34 44 22 24 39 46 11 42 18 12 19 16 35 14 7 15 17 26 36 27 20 1 6 29 5 37 32 43 9 25 21 0 33 8 30 40 45 10 13 47 4 41 38 23 3 28 2
98224. 31 34 44 22 24 39 46 11 42 18 45 19 16 35 14 7 15 17 26 36 27 20 1 6 29 5 37 32 43 9 25 21 0 33 8 30 40 12 10 13 47 4 41 38 23 3 28 2
96156. 31 34 44 47 24 39 46 11 42 18 43 19 16 35 14 7 15 17 26 36 27 20 1 6 29 5 37 32 45 9 25 21 0 33 8 30 40 12 10 13 22 4 41 38 23 3 28 2
94036. 31 34 44 41 24 39 11 46 42 18 43 19 16 35 14 7 15 17 26 36 27 20 1 6 29 5 37 32 45 9 25 21 0 33 8 30 40 12 10 13 22 4 47 38 23 3 28 2
84718. 9 34 44 41 24 39 11 46 42 18 43 19 16 35 14 7 15 17 26 36 27 20 2 6 29 5 37 32 45 31 25 21 0 33 8 30 40 12 10 13 22 4 47 38 23 3 28 1
81444. 9 34 44 41 24 39 11 46 42 18 43 19 16 35 2 7 15 17 26 36 27 20 14 6 29 5 37 32 45 31 25 21 0 30 8 33 40 12 10 13 22 4 47 38 23 3 28 1
80294. 9 34 44 3 24 39 11 46 42 18 43 19 16 35 2 7 15 17 26 36 27 8 14 6 29 5 37 32 45 31 25 21 0 30 20 33 40 12 10 13 22 4 47 38 23 41 28 1
79113. 9 34 44 3 24 39 11 46 42 18 43 29 16 35 2 7 15 17 26 36 27 8 14 37 19 5 6 32 45 31 25 21 0 30 20 33 40 12 10 13 22 4 47 38 23 41 28 1
77433. 9 34 44 3 24 39 11 46 42 18 43 29 16 35 2 15 7 17 26 36 27 8 14 37 19 5 6 32 45 31 25 21 0 30 20 33 40 12 10 13 22 4 47 38 23 41 28 1
75886. 9 34 44 3 24 39 11 46 42 18 43 29 16 35 30 15 7 17 26 36 27 8 14 37 19 5 6 32 45 31 25 21 0 2 20 33 40 12 10 13 22 4 47 38 23 41 28 1
74409. 9 34 44 3 24 39 11 5 42 18 43 29 16 26 30 15 7 17 35 36 27 8 14 37 19 46 6 32 45 38 41 21 0 2 20 33 40 12 10 13 22 4 47 31 23 25 28 1
72589. 9 34 44 3 24 39 11 5 42 26 43 29 16 18 30 15 7 17 35 36 27 8 37 14 19 46 6 32 45 38 20 21 0 2 41 33 40 12 10 13 22 4 47 31 23 25 28 1
70713. 9 34 44 3 4 39 19 5 42 26 43 29 16 18 30 15 7 17 35 36 27 8 37 14 11 46 6 32 45 38 20 21 0 2 24 33 40 12 10 13 22 41 47 31 23 25 28 1
69581. 9 34 44 3 4 39 19 5 42 26 35 29 16 18 30 37 7 17 43 36 27 8 15 14 11 46 6 32 45 38 20 21 0 2 24 33 40 12 10 13 22 41 47 31 23 25 28 1
67874. 9 34 44 3 4 39 19 5 42 26 35 29 16 18 30 37 7 17 43 36 27 6 15 21 11 46 8 32 45 38 20 14 0 2 24 33 40 12 10 22 13 41 47 31 23 25 28 1
66837. 9 34 44 3 4 39 19 16 26 42 35 29 5 18 30 37 7 17 43 36 27 6 15 21 11 46 8 32 45 38 20 14 0 2 13 33 40 12 10 22 24 41 47 31 23 25 28 1
65733. 9 34 44 3 4 39 19 42 26 16 35 29 5 18 17 37 7 30 43 36 27 6 15 21 46 11 8 32 45 38 20 14 0 12 13 33 40 2 10 22 24 41 47 31 23 25 28 1
64213. 9 34 44 3 4 39 19 42 26 16 35 29 5 18 17 37 7 30 43 6 27 36 15 21 45 11 8 32 46 38 20 14 0 12 13 33 40 2 10 22 24 47 41 31 23 25 28 1
63094. 9 34 44 3 4 20 19 42 26 16 35 29 5 18 17 37 7 30 43 6 27 36 15 21 45 11 8 32 46 38 39 14 0 12 13 33 40 2 10 22 24 47 41 31 23 1 28 25
60976. 9 34 44 3 4 20 19 42 26 16 35 29 5 18 17 37 7 30 43 6 27 36 15 21 45 0 8 32 46 38 39 14 11 12 13 33 40 2 10 22 24 47 41 31 23 1 28 25
59094. 3 34 44 9 4 20 19 42 26 16 35 29 5 18 17 37 7 30 43 6 27 36 15 21 45 0 8 32 46 38 39 14 11 12 13 33 40 2 10 22 24 47 41 31 23 1 28 25
57251. 3 34 44 9 23 20 19 42 26 16 35 29 5 18 17 37 7 30 43 6 27 36 15 21 45 0 8 32 46 38 39 14 11 22 13 33 40 2 10 12 24 47 41 31 4 1 28 25
55806. 3 34 44 9 23 20 19 27 26 16 42 29 5 35 17 37 7 30 43 6 18 36 15 21 45 0 8 32 46 22 39 14 11 38 13 33 40 2 10 12 24 47 41 31 4 1 28 25
54701. 3 34 44 9 23 20 19 18 26 16 42 29 5 35 17 37 7 30 43 6 27 36 0 21 15 45 8 32 46 22 39 14 11 38 13 33 40 2 10 12 24 47 41 31 4 1 28 25
52843. 3 34 44 9 23 20 19 18 26 16 42 29 5 35 17 37 7 30 43 6 27 36 0 21 15 39 8 32 46 10 45 14 11 38 13 33 40 2 22 12 24 47 41 31 4 1 28 25
51774. 3 34 44 9 23 38 19 18 26 16 42 29 5 35 17 37 7 30 43 6 27 36 0 15 21 39 8 32 46 10 45 14 11 20 13 33 40 2 22 12 24 47 41 31 4 1 28 25
50248. 3 34 44 9 23 31 19 18 26 16 42 36 5 35 17 37 7 30 43 6 27 29 0 15 21 39 8 10 46 32 45 14 11 20 13 33 40 2 22 12 24 47 41 38 4 1 28 25
48796. 3 34 44 9 23 31 19 42 26 16 18 36 5 29 35 7 37 30 43 6 27 17 0 15 21 39 8 10 46 32 45 14 11 20 13 33 40 2 22 12 24 47 41 38 4 1 28 25
47671. 3 34 44 9 23 31 19 42 26 16 18 36 5 29 27 7 37 30 43 6 35 17 0 15 21 39 8 10 46 32 45 14 11 20 13 33 40 2 22 12 24 47 4 38 41 1 28 25
46536. 3 34 44 9 23 31 20 42 26 16 18 36 5 29 27 7 37 30 43 6 35 17 39 21 15 0 8 10 46 32 45 14 11 19 13 33 40 2 22 12 24 47 38 4 41 1 28 25
44284. 3 34 44 9 23 31 20 42 16 26 18 36 5 29 27 7 37 30 43 6 35 17 39 21 15 0 8 10 19 32 45 14 11 46 13 33 40 2 22 12 24 47 38 4 28 1 41 25
42657. 3 34 44 9 23 31 20 42 16 26 18 36 5 29 27 7 37 30 43 6 35 17 39 21 15 0 8 46 19 32 45 14 11 10 13 33 40 2 22 12 24 38 47 4 28 1 41 25
41624. 3 34 44 9 23 31 20 42 16 26 18 36 5 29 35 8 37 30 43 6 27 17 7 0 15 21 39 46 19 32 45 14 11 10 13 33 40 2 22 12 24 38 47 4 28 1 41 25
39873. 3 34 44 9 23 31 20 42 16 26 18 36 5 29 35 27 17 30 43 6 37 8 7 0 15 21 39 46 19 32 45 14 11 10 13 33 40 2 22 12 24 38 47 4 28 1 41 25
38714. 3 34 44 9 23 31 20 42 16 26 18 36 5 29 27 35 43 17 6 30 37 8 7 0 15 21 39 46 19 32 45 14 11 10 13 33 40 2 22 12 24 38 47 4 28 1 41 25
